10
10
0.008897469103117506 0.4621315674530315 0.0795554245215544 0.6522169813453806 0.12206963937647308 0.9300049210826247 0.8707794299338972 0.11580391241760335 0.2542512155496929 0.7839796395460346 
0.2998599053605555 0.6035595336181243 0.08531342480349802 0.3755869843381745 0.8715656541845423 0.564292987105554 0.10301944131126328 0.7505961988113228 0.7565801483671191 0.8653095881700814 
0.45258061805556193 0.40388752732250255 0.7150901632973907 0.843380912234173 0.9594926053359295 0.8248913133117863 0.8799484948293244 0.12127214428775435 0.36254669729730227 0.16077271192966358 
0.3313264850284081 0.7440565531187757 0.7792643370480656 0.2864548754685915 0.8957480064864002 0.29198575706363383 0.6926030598796825 0.06373740204144351 0.8846231363782413 0.7604735564423221 
0.2956346883913179 0.5961816479086979 0.5508767225093284 0.16279056506387912 0.8599977664863857 0.8420977924999073 0.8869934507596527 0.007355323183044327 0.9042774915573073 0.03488297981112054 
0.013777149695853419 0.02904705851808209 0.33006866977965643 0.9781240248781682 0.8163493144021827 0.8127542753852315 0.3663281537161366 0.43229175650169693 0.6723880669106703 0.2374121330857487 
0.11672497015169248 0.490518855472885 0.0873349635648829 0.9900711813794852 0.7400481939877728 0.05286643351567433 0.8022745215328019 0.7520783819329716 0.8103336323431737 0.25164887680096004 
0.4724169829520971 0.04324106774327552 0.2012225484966027 0.9548009339447174 0.32759203350791233 0.12488308921754321 0.9181667576890955 0.27993436547452566 0.32088718589435583 0.8089918178842368 
0.6624461499139083 0.38864614852894297 0.14754189059594824 0.4981931682886265 0.5525663979075569 0.6988040565710143 0.17343407710510572 0.2900818886794859 0.3514558743857844 0.05194948203445149 
0.7509731257287613 0.519472068114975 0.7519826891248333 0.3036212526485287 0.619939541322436 0.6834231928993376 0.7586641014809247 0.2663189229844444 0.09178791850707091 0.296435181820465 
