10
10
0.31806572370852415 0.6571581834911183 0.21484347215174815 0.21717679395773615 0.07326745001306845 0.36607798116430557 0.8346450213884884 0.48703023092625797 0.9874336457094179 0.6697956828764812 
0.20171070704714045 0.18026020310335977 0.4056582017274686 0.11838954414836955 0.9869687614460652 0.7101391853842167 0.9494677878511096 0.46908651749110175 0.8481549773502637 0.5646468708934932 
0.7394925967328038 0.04118877897212403 0.7464266527775778 0.019808982046873425 0.8807685357392201 0.9837246521905403 0.6737552846806182 0.5790691839322659 0.8265458405326612 0.7633497228219279 
0.34691510994897046 0.3900676631075619 0.5304252840087403 0.5442816481258881 0.17095418838730592 0.8325820503314261 0.7468370894156454 0.9025595981117006 0.17835538443478538 0.32002017663595594 
0.44632431906336656 0.4936776999283208 0.7096647826788329 0.11173585871903557 0.07478708691739633 0.8756492977289625 0.3171855117400225 0.5945725351933729 0.3047891018684933 0.6788167023679987 
0.7454052048296357 0.05942206504048719 0.0022241462059964245 0.7092288672782053 0.8701454677132147 0.47221879909395004 0.363084508192524 0.37416750598201887 0.1629924414055699 0.11867204020884692 
0.5627693372934954 0.02640956453365173 0.5883872730532768 0.28817239839985154 0.8043159764688381 0.4380721092810943 0.8378263687108595 0.35469102238086947 0.35213242715498283 0.6353934988934681 
0.45894083506366357 0.7111228495279565 0.994254979112037 0.7525620753117354 0.7467954442214558 0.018408127290654996 0.3888496477247717 0.3957122000794929 0.23056725820581336 0.1418994029079269 
0.9196219835276501 0.24746452368063765 0.21083509696601654 0.9648236569202681 0.009994683388934611 0.2878954839529937 0.08103025604321956 0.9923224167987877 0.32735813238440703 0.05957909757675961 
0.10117037518048111 0.2894351293258628 0.9463939454931717 0.8623514953039367 0.882817641997267 0.8325242395730742 0.3344170999608991 0.627706683203089 0.09127378743874692 0.796023068732961 
