10
10
0.32696319281164166 1.1192897509441497 0.29439889667330255 0.8693937753031168 0.19533708938954153 1.2960829022469302 1.7054244513223855 0.6028341433438613 1.241684861259111 1.4537753224225156 
0.501570612407696 0.7838197367214841 0.4909716265309666 0.49397652848654405 1.8585344156306074 1.2744321724897707 1.0524872291623728 1.2196827163024246 1.6047351257173827 1.4299564590635745 
1.1920732147883657 0.4450763062946266 1.4615168160749685 0.8631898942810464 1.8402611410751497 1.8086159655023266 1.5537037795099424 0.7003413282200203 1.1890925378299635 0.9241224347515915 
0.6782415949773786 1.1341242162263376 1.309689621056806 0.8307365235944796 1.066702194873706 1.12456780739506 1.439440149295328 0.9662970001531441 1.0629785208130267 1.080493733078278 
0.7419590074546845 1.0898593478370187 1.2605415051881614 0.2745264237829147 0.934784853403782 1.7177470902288698 1.2041789624996753 0.6019278583764173 1.2090665934258005 0.7136996821791193 
0.7591823545254891 0.08846912355856928 0.33229281598565286 1.6873528921563734 1.6864947821153975 1.2849730744791814 0.7294126619086606 0.8064592624837158 0.8353805083162402 0.35608417329459563 
0.6794943074451879 0.5169284200065367 0.6757222366181597 1.2782435797793368 1.544364170456611 0.49093854279676863 1.6401008902436613 1.106769404313841 1.1624660594981564 0.8870423756944281 
0.9313578180157607 0.754363917271232 1.1954775276086398 1.707363009256453 1.0743874777293683 0.1432912165081982 1.3070164054138673 0.6756465655540186 0.5514544441001692 0.9508912207921637 
1.5820681334415583 0.6361106722095806 0.3583769875619648 1.4630168252088946 0.5625610812964915 0.986699540524008 0.2544643331483253 1.2824043054782737 0.6788140067701914 0.1115285796112111 
0.8521435009092424 0.8089071974408378 1.698376634618005 1.1659727479524653 1.5027571833197029 1.5159474324724118 1.0930812014418239 0.8940256061875334 0.18306170594581783 1.0924582505534262 
